989  (1048,589)
807  (579,55)
804  (1567,1168)
785  (125,1021)
802  (1867,588)
240  (1566,1015)
570  (1620,832)
281  (946,585)
330  (1255,863)
845  (1765,807)
641  (440,817)
434  (1449,1204)
574  (921,845)
740  (1185,984)
609  (1750,943)
608  (623,657)
537  (1058,990)
701  (54,283)
607  (1640,750)
573  (549,1136)
606  (1115,1171)
605  (69,558)
705  (1172,179)
602  (1954,632)
204  (107,62)
302  (1677,1048)
507  (330,598)
304  (1290,1087)
308  (23,846)
270  (864,1202)
631  (1860,891)
309  (634,885)
Ontario  (1521,638)
W (853,508)
540  (1422,1118)
275  (1233,1228)
734  (1114,710)
R  (717,251)
T  (921,288)
A  (612,340)
G. Bay  (1284,478)
C  (1323,523)
P  (1179,809)
M  (1180,453)
B  (964,458)
401  (1960,808)
585  (1464,725)
Michigan  (855,591)
402  (146,837)
H  (1604,596)
920  (756,620)
765  (908,961)
319  (519,800)
316  (129,1176)
660  (373,994)
315  (1663,631)
217  (678,988)
218  (311,282)
450  (1819,461)
418  (1924,89)
417  (398,1193)
724  (1367,920)
419  (1082,855)
Erie  (1260,771)
Superior  (829,275)
269  (946,745)
519  (1269,656)
518  (1781,636)
819  (1585,178)
517  (1033,751)
413  (1904,748)
515  (364,742)
Atlantic  (1863,1075)
Huron  (1181,539)
812  (880,1079)
814  (1455,860)
816  (1869,816)
651  (401,512)
859  (1010,1116)
320  (280,479)
757  (1661,1131)
717  (1606,943)
712  (250,744)
715  (592,480)
613  (1589,509)
906  (789,392)
615  (728,802)
905  (1384,620)
618  (709,1109)
563  (559,729)