807  (568,43)  (543,67)  (543,42)  (592,68)  (568,18)  (593,18)  (593,43)  (541,17)  (567,92)  (542,92)  (518,67)  (518,42)  (617,68)  (617,93)  (592,93)  (517,93)  (618,0)  (618,25)  (516,17)  (567,117)  (542,117)  (493,68)  (493,43)  (642,50)  (642,75)  (642,100)  (617,118)  (592,118)  (517,118)  (492,118)  (492,93)  (643,0)  (643,25)  (491,18)  (649,125)  (567,142)  (542,142)  (468,68)  (468,43)  (667,50)  (667,75)  (667,100)  (624,143)  (599,143)  (517,143)  (492,143)  (467,143)  (467,118)  (467,93)  (668,0)  (668,25)  (466,18)  (674,125)  (674,150)  (649,150)  (574,167)  (549,167)  (443,68)  (443,43)  (692,50)  (692,75)  (692,100)  (624,168)  (599,168)  (524,168)  (499,168)  (474,168)  (449,168)  (442,143)  (442,118)  (442,93)  (693,0)  (693,25)  (441,18)  (699,125)  (699,150)  (699,175)  (674,175)  (649,175)  (424,178)  (574,192)  (549,192)  (418,68)  (418,43)  (717,50)  (717,75)  (717,100)  (624,193)  (599,193)  (524,193)  (499,193)  (474,193)  (417,153)  (417,128)  (417,103)  (718,0)  (718,25)  (416,18)  (724,125)  (724,150)  (724,175)  (696,200)  (671,200)  (399,179)  (555,217)  (393,78)  (393,53)  (742,50)  (742,75)  (742,100)  (646,218)  (621,218)  (530,218)  (392,154)  (392,129)  (392,104)  (743,0)  (743,25)  (391,28)  (391,3)  (749,125)  (749,150)  (672,225)  (368,79)  (368,54)  (767,50)  (767,75)  (767,100)  (367,178)  (367,153)  (367,128)  (768,0)  (768,25)  (366,29)  (366,4)  (774,125)  (343,103)  (343,78)  (792,50)  (792,75)  (792,100)  (342,171)  (342,146)  (793,0)  (793,25)  (341,53)  (341,28)  (341,3)  (799,125)  (318,121)  (318,96)  (817,50)  (817,75)  (817,100)  (818,0)  (818,25)  (316,71)  (316,46)  (316,21)  (824,125)  (827,150)  (293,111)  (842,50)  (842,75)  (842,100)  (843,0)  (843,25)  (291,86)  (291,61)  (291,36)  (291,11)  (849,125)  (852,150)  (867,50)  (867,75)  (867,100)  (868,0)  (868,25)  (874,125)  (877,150)  (892,50)  (892,75)  (892,100)  (893,0)  (893,25)  (899,125)  (902,150)  (914,175)  (917,50)  (917,75)  (917,100)  (918,0)  (918,25)  (924,125)  (924,200)  (927,150)  (936,225)  (939,175)  (949,200)
989  (1037,577)  (1012,601)  (1061,602)  (1023,552)  (1048,552)  (1062,577)  (1073,541)  (1036,626)  (1011,626)  (1062,627)  (1024,527)  (1087,566)  (1049,516)  (1074,516)  (1098,541)  (1107,647)  (1037,651)  (1012,651)  (1082,652)  (1099,498)  (1054,491)  (1140,612)
804  (1556,1156)  (1531,1180)  (1580,1181)  (1571,1131)  (1581,1156)  (1555,1205)  (1506,1185)  (1506,1160)  (1605,1181)  (1606,1132)
802  (1856,576)  (1880,601)  (1855,601)  (1839,551)  (1864,551)  (1881,576)  (1889,543)  (1885,626)  (1860,626)  (1838,526)  (1863,526)  (1906,568)  (1914,524)  (1879,651)  (1854,651)  (1931,549)  (1879,676)  (1854,676)
240  (1555,1003)  (1530,1004)  (1579,1028)  (1580,994)  (1588,1053)  (1605,995)  (1588,1078)  (1419,995)
785  (114,1009)  (89,1033)  (89,1008)  (138,1034)  (114,984)  (139,984)  (139,1009)  (87,983)  (113,1058)  (88,1058)  (64,1033)  (64,1008)  (163,1034)  (163,1059)  (138,1059)  (63,1059)  (164,970)  (164,995)  (62,983)  (39,1034)  (39,1009)  (188,1020)  (188,1045)  (38,1065)  (189,972)  (37,984)  (14,1040)  (14,1015)  (213,997)  (213,1022)  (213,1047)  (214,971)  (12,990)  (228,1072)  (238,996)  (238,1021)  (238,1046)  (239,970)  (253,1071)  (256,1096)  (263,995)  (263,1020)  (263,1045)  (278,1070)  (281,1095)  (288,1038)  (293,1120)
570  (1609,820)  (1584,844)  (1584,819)  (1633,845)  (1609,795)  (1634,795)  (1634,820)  (1608,869)  (1583,869)  (1559,844)  (1559,819)  (1658,845)  (1656,870)  (1659,791)  (1659,816)  (1534,841)  (1683,841)  (1684,807)
281  (935,573)  (959,598)  (934,598)  (930,548)  (955,548)  (960,573)  (909,603)  (980,533)  (971,623)  (946,623)  (985,558)  (921,628)  (986,508)  (961,648)  (936,653)  (1005,483)  (1030,464)
330  (1244,851)  (1219,875)  (1219,850)  (1268,876)  (1261,826)  (1269,851)  (1286,809)  (1243,900)  (1293,876)  (1268,901)  (1294,834)
845  (1754,795)  (1729,811)  (1778,820)  (1779,789)  (1792,845)
641  (431,803)  (451,828)  (427,778)  (456,790)  (476,845)  (451,853)  (426,854)  (419,753)  (370,863)  (401,865)  (482,870)  (457,878)  (432,879)  (419,728)  (376,888)  (351,888)  (345,863)  (407,890)  (334,838)  (326,891)  (415,703)  (320,866)  (440,687)  (411,678)  (386,669)  (436,662)
434  (1438,1192)  (1413,1216)  (1462,1217)  (1434,1167)  (1459,1167)  (1463,1192)  (1487,1217)  (1463,1142)  (1512,1224)
609  (1742,928)  (1760,953)  (1724,903)  (1749,903)  (1735,960)  (1710,978)  (1720,878)  (1745,878)  (1751,985)  (1770,877)  (1726,1003)  (1701,1003)
574  (910,833)  (885,857)  (885,832)  (934,858)  (935,819)  (906,882)  (881,882)  (860,857)  (860,832)  (959,844)  (959,869)  (960,819)  (856,886)  (835,861)  (835,836)  (984,844)  (984,869)  (985,815)  (831,886)  (991,894)
740  (1174,972)  (1149,996)  (1149,971)  (1198,997)  (1174,947)  (1199,947)  (1199,972)  (1147,946)  (1173,1021)  (1148,1021)  (1124,996)  (1124,971)  (1223,997)  (1215,1022)  (1184,922)  (1224,938)  (1224,963)  (1190,1046)  (1165,1046)  (1248,988)  (1249,938)  (1249,963)  (1180,1071)  (1274,932)  (1274,957)
608  (612,645)  (587,669)  (587,644)  (636,670)  (612,620)  (637,620)  (637,645)  (585,619)  (611,694)  (586,694)  (661,670)  (661,695)  (636,695)  (610,595)  (662,612)  (662,637)  (560,599)  (686,667)  (686,692)  (686,717)  (711,716)
607  (1629,738)  (1604,762)  (1604,737)  (1653,763)  (1654,724)  (1579,767)  (1678,749)  (1679,723)  (1702,774)  (1554,765)  (1703,748)  (1704,722)  (1529,764)  (1729,729)
701  (43,271)  (18,295)  (18,270)  (67,296)  (43,246)  (68,246)  (68,271)  (16,245)  (42,320)  (17,320)  (92,296)  (92,321)  (67,321)  (41,221)  (66,221)  (91,221)  (93,246)  (93,271)  (0,220)  (116,198)  (42,345)  (17,345)  (117,296)  (117,321)  (117,346)  (92,346)  (67,346)  (25,196)  (50,196)  (75,196)  (118,223)  (118,248)  (0,195)  (100,173)  (42,370)  (17,370)  (142,345)  (142,370)  (117,371)  (92,371)  (67,371)  (153,395)  (42,395)  (17,395)  (128,396)  (103,396)  (78,396)  (30,420)  (5,420)
537  (1047,978)  (1071,1003)  (1046,1003)  (1023,953)  (1048,953)  (1072,978)  (1073,952)  (1096,1025)  (1071,1028)  (1066,927)  (1091,927)  (1113,1050)  (1088,1053)
606  (1104,1159)  (1079,1183)  (1079,1158)  (1128,1184)  (1104,1134)  (1129,1134)  (1129,1159)  (1103,1208)  (1078,1208)  (1153,1184)  (1151,1209)  (1053,1209)  (1092,1109)  (1117,1109)  (1142,1109)  (1154,1134)  (1154,1159)  (1178,1184)  (1028,1225)  (1028,1200)
573  (538,1124)  (513,1148)  (513,1123)  (562,1149)  (538,1099)  (563,1099)  (563,1124)  (511,1098)  (537,1173)  (488,1150)  (488,1125)  (587,1149)  (587,1174)  (562,1174)  (536,1074)  (561,1074)  (586,1074)  (588,1099)  (588,1124)  (486,1100)  (490,1073)  (611,1069)  (463,1136)  (612,1149)  (612,1174)  (612,1199)  (587,1199)  (562,1199)  (515,1049)  (540,1049)  (565,1049)  (461,1111)  (489,1048)  (637,1160)  (637,1185)  (637,1210)  (612,1224)  (587,1224)  (562,1224)  (529,1024)  (554,1024)  (436,1133)  (662,1179)  (662,1204)  (534,999)  (524,974)
605  (58,546)  (33,570)  (33,545)  (82,571)  (58,521)  (83,521)  (83,546)  (31,520)  (57,595)  (32,595)  (8,570)  (8,545)  (107,571)  (107,596)  (82,596)  (7,596)  (56,496)  (81,496)  (106,496)  (108,521)  (108,546)  (6,520)  (6,495)  (31,495)  (131,473)  (57,620)  (32,620)  (132,571)  (132,596)  (132,621)  (107,621)  (82,621)  (7,621)  (56,471)  (81,471)  (106,471)  (133,498)  (133,523)  (0,470)  (25,470)  (131,448)  (57,645)  (32,645)  (157,548)  (157,573)  (157,598)  (157,623)  (132,646)  (107,646)  (82,646)  (7,646)  (50,446)  (75,446)  (100,446)  (158,490)  (158,515)  (159,648)  (57,670)  (32,670)  (134,671)  (109,671)  (84,671)  (7,671)  (165,673)  (140,696)
705  (1161,167)  (1136,191)  (1136,166)  (1185,192)  (1161,142)  (1186,142)  (1186,167)  (1134,141)  (1160,216)  (1135,216)  (1111,191)  (1111,166)  (1210,192)  (1210,217)  (1185,217)  (1110,217)  (1159,117)  (1184,117)  (1209,117)  (1211,142)  (1211,167)  (1109,141)  (1109,116)  (1134,116)  (1234,94)  (1160,241)  (1135,241)  (1086,192)  (1086,167)  (1235,192)  (1235,217)  (1235,242)  (1210,242)  (1185,242)  (1110,242)  (1085,242)  (1085,217)  (1159,92)  (1184,92)  (1209,92)  (1236,119)  (1236,144)  (1084,142)  (1084,117)  (1084,92)  (1109,91)  (1134,91)  (1234,69)  (1259,69)  (1259,94)  (1160,266)  (1135,266)  (1061,192)  (1061,167)  (1260,169)  (1260,194)  (1260,219)  (1260,244)  (1235,267)  (1210,267)  (1185,267)  (1110,267)  (1085,267)  (1060,267)  (1060,242)  (1060,217)  (1060,67)  (1159,67)  (1184,67)  (1209,67)  (1261,119)  (1261,144)  (1059,142)  (1059,117)  (1059,92)  (1085,66)  (1110,66)  (1262,269)  (1234,44)  (1259,44)  (1284,44)  (1284,69)  (1284,94)  (1160,291)  (1135,291)  (1036,192)  (1036,167)  (1285,169)  (1285,194)  (1285,219)  (1285,244)  (1237,292)  (1212,292)  (1187,292)  (1110,292)  (1085,292)  (1060,292)  (1035,292)  (1035,267)  (1035,242)  (1035,217)  (1035,67)  (1035,42)  (1060,42)  (1135,42)  (1160,42)  (1185,42)  (1286,119)  (1286,144)  (1034,142)  (1034,117)  (1034,92)  (1085,41)  (1110,41)  (1287,269)  (1287,294)  (1262,294)  (1210,19)  (1235,19)  (1260,19)  (1285,19)  (1309,44)  (1309,69)  (1309,94)  (1162,316)  (1137,316)  (1011,192)  (1011,167)  (1310,18)  (1310,169)  (1310,194)  (1310,219)  (1310,244)  (1237,317)  (1212,317)  (1187,317)  (1112,317)  (1087,317)  (1062,317)  (1037,317)  (1010,234)  (1010,67)  (1010,42)  (1010,17)  (1035,17)  (1060,17)  (1135,17)  (1160,17)  (1185,17)  (1311,119)  (1311,144)  (1009,142)  (1009,117)  (1009,92)  (1085,16)  (1110,16)  (1312,269)  (1312,294)  (1312,319)  (1287,319)  (1262,319)  (1334,43)  (1334,68)  (1334,93)  (1162,341)  (1137,341)  (986,209)  (986,184)  (1335,0)  (1335,169)  (1335,194)  (1335,219)  (1335,244)  (1237,342)  (1212,342)  (1187,342)  (1112,342)  (1087,342)  (1062,342)  (985,234)  (985,67)  (985,42)  (985,17)  (1336,118)  (1336,143)  (984,159)  (984,134)  (984,109)  (1337,269)  (1337,294)  (1337,319)  (1337,344)  (1312,344)  (1287,344)  (1262,344)  (1359,25)  (1359,50)  (1359,75)  (1162,366)  (1137,366)  (1360,0)  (1360,168)  (1360,193)  (1360,218)  (1360,243)  (1237,367)  (1212,367)  (1187,367)  (1112,367)  (1087,367)  (1062,367)  (960,22)  (1361,100)  (1361,125)  (1362,268)  (1362,293)  (1362,318)  (1362,343)  (1362,368)  (1337,369)  (1312,369)  (1287,369)  (1262,369)  (1162,391)  (1137,391)  (1237,392)  (1212,392)  (1187,392)  (1112,392)  (1386,393)  (1387,334)  (1387,359)  (1361,394)  (1336,394)  (1311,394)  (1286,394)  (1261,417)  (1411,384)  (1411,409)  (1386,418)  (1361,419)  (1336,419)  (1311,419)  (1286,419)  (1427,434)  (1436,398)  (1402,443)  (1377,444)  (1352,444)  (1452,423)  (1452,448)  (1427,459)  (1402,468)  (1377,469)  (1457,473)  (1432,484)  (1407,493)  (1382,494)  (1458,498)  (1433,509)  (1408,518)  (1383,519)  (1470,523)  (1445,534)  (1420,543)  (1395,544)  (1495,546)  (1370,546)  (1470,548)  (1445,559)  (1515,571)  (1353,572)  (1490,573)
602  (1943,620)  (1918,644)  (1967,645)  (1934,595)  (1959,595)  (1968,620)  (1942,669)  (1917,669)  (1979,670)  (1970,570)  (1954,694)  (1929,694)  (1904,694)  (1971,545)  (1973,520)
204  (96,50)  (71,74)  (71,49)  (120,75)  (96,25)  (121,25)  (121,50)  (69,24)  (95,99)  (70,99)  (46,74)  (46,49)  (145,75)  (145,100)  (120,100)  (45,100)  (94,0)  (119,0)  (144,0)  (146,25)  (146,50)  (44,24)  (169,0)  (95,124)  (70,124)  (21,75)  (21,50)  (170,75)  (170,100)  (170,125)  (145,125)  (120,125)  (45,125)  (20,125)  (20,100)  (171,25)  (171,50)  (19,25)  (19,0)  (194,0)  (195,75)  (195,100)  (195,125)  (55,150)  (196,25)  (196,50)  (219,0)  (220,75)  (220,100)  (220,125)  (221,25)  (221,50)  (244,0)  (245,75)  (245,100)  (245,125)  (246,25)  (246,50)
302  (1670,1032)  (1674,1057)  (1688,1082)
507  (319,586)  (294,610)  (294,585)  (343,611)  (319,561)  (344,561)  (344,586)  (292,560)  (318,635)  (293,635)  (269,610)  (269,585)  (368,611)  (368,636)  (343,636)  (369,565)  (267,560)  (244,633)  (244,608)  (393,590)  (393,615)  (242,583)  (242,558)  (219,635)  (219,610)  (418,569)  (418,594)  (418,619)  (217,585)  (217,560)  (194,635)  (194,610)  (443,581)  (443,606)  (443,631)  (468,581)  (468,606)  (468,631)  (493,587)  (493,612)  (518,607)  (518,632)
304  (1279,1075)  (1254,1099)  (1254,1074)  (1303,1100)  (1279,1050)  (1304,1050)  (1304,1075)  (1252,1049)  (1278,1124)  (1253,1124)  (1229,1099)  (1229,1074)  (1328,1100)  (1328,1125)  (1303,1125)  (1228,1125)  (1277,1025)  (1302,1025)  (1327,1025)  (1329,1050)  (1329,1075)  (1352,1002)  (1278,1149)  (1253,1149)  (1204,1100)  (1353,1100)  (1324,1150)  (1228,1150)  (1203,1140)  (1305,1000)  (1354,1027)  (1354,1052)  (1377,1000)  (1299,1174)  (1274,1174)  (1249,1175)  (1379,1025)  (1379,1050)  (1404,1041)  (1429,1027)  (1454,1014)
631  (1855,886)  (1830,894)  (1880,880)
270  (853,1190)  (828,1214)  (828,1189)  (877,1215)  (866,1165)  (878,1190)  (826,1164)  (891,1156)  (803,1225)  (803,1200)  (902,1215)  (903,1181)  (801,1175)  (916,1147)  (778,1225)  (927,1206)  (928,1172)  (952,1197)  (952,1222)
308  (12,834)  (36,859)  (11,859)  (0,809)  (25,809)  (37,834)  (61,859)  (15,884)  (0,784)  (8,909)  (2,934)
309  (623,873)  (598,897)  (598,872)  (647,898)  (623,848)  (648,848)  (648,873)  (596,847)  (672,898)  (655,923)  (630,923)  (673,871)  (697,896)  (704,921)  (729,916)
Ontario  (1510,626)  (1485,641)  (1535,626)  (1460,641)  (1560,626)  (1560,651)  (1435,646)  (1585,615)  (1585,640)  (1610,615)
275  (1222,1216)  (1197,1225)  (1247,1217)  (1272,1219)
540  (1414,1110)  (1389,1127)  (1430,1085)  (1418,1135)  (1455,1070)  (1455,1095)  (1393,1152)  (1368,1152)  (1474,1045)  (1480,1070)  (1480,1095)  (1391,1177)  (1366,1177)  (1498,1120)  (1499,1037)  (1341,1196)  (1505,1062)  (1505,1087)  (1381,1202)  (1316,1204)  (1523,1112)  (1356,1221)  (1530,1053)  (1530,1078)
734  (1103,698)  (1127,723)  (1102,723)  (1128,674)  (1148,649)  (1152,699)  (1120,748)  (1095,748)  (1153,674)  (1107,773)
G. Bay  (1273,466)  (1248,457)  (1297,491)  (1298,456)  (1223,441)  (1322,489)  (1303,516)  (1194,429)
401  (1953,791)
585  (1453,713)  (1477,738)  (1452,738)  (1442,688)  (1467,688)  (1478,713)  (1427,741)  (1492,674)  (1496,763)  (1471,763)  (1402,763)  (1503,699)  (1503,724)  (1446,766)  (1528,679)  (1528,704)
Michigan  (844,579)  (868,604)  (843,604)  (848,554)  (869,579)  (873,550)  (878,629)  (853,629)  (828,629)  (865,525)  (890,525)  (915,508)  (878,654)  (853,654)  (828,654)  (876,500)  (901,483)  (926,483)  (891,679)  (866,679)  (841,679)  (816,679)  (951,480)  (856,471)  (900,458)  (925,458)  (899,704)  (874,704)  (849,704)  (824,704)  (980,443)  (896,729)  (871,729)  (846,729)  (821,729)  (882,754)  (857,754)  (832,754)  (869,779)  (844,779)
402  (135,825)  (110,819)  (159,850)  (134,850)  (135,800)  (160,800)  (160,825)  (103,794)  (109,864)  (184,850)  (184,875)  (159,875)  (134,875)  (128,775)  (153,775)  (185,790)  (185,815)  (78,796)  (78,771)  (103,769)  (84,887)  (109,889)  (209,840)  (209,865)  (209,890)  (184,900)  (159,900)  (134,900)  (59,900)  (128,750)  (55,746)  (53,772)  (80,744)  (84,912)  (109,914)  (220,915)  (195,925)  (170,925)  (145,925)  (59,925)  (105,725)  (30,747)  (30,722)  (34,933)  (84,937)  (120,939)  (232,940)  (5,753)  (5,728)
920  (745,608)  (720,632)  (720,607)  (769,633)  (745,583)  (770,583)  (770,608)  (744,657)  (779,658)  (759,558)  (795,563)  (795,588)  (795,613)  (754,682)  (766,533)  (779,701)  (754,707)
765  (897,949)  (872,973)  (872,948)  (921,974)  (922,926)  (870,923)  (896,998)  (847,981)  (847,956)  (946,951)  (946,976)  (921,999)  (947,915)  (845,931)  (971,940)  (971,965)  (971,990)  (996,950)  (996,975)
319  (508,788)  (483,800)  (483,775)  (532,813)  (508,763)  (533,763)  (533,788)  (469,750)  (556,838)  (531,838)  (494,738)  (454,725)  (559,863)  (534,863)  (546,888)
A  (600,328)
B  (952,446)
316  (118,1164)  (93,1188)  (93,1163)  (142,1189)  (118,1139)  (143,1139)  (143,1164)  (91,1138)  (117,1213)  (92,1213)  (68,1188)  (68,1163)  (167,1189)  (167,1214)  (142,1214)  (67,1214)  (116,1114)  (141,1114)  (166,1114)  (168,1139)  (168,1164)  (66,1138)  (66,1113)  (91,1113)  (191,1091)  (43,1189)  (43,1164)  (192,1189)  (192,1214)  (42,1225)  (193,1116)  (193,1141)  (41,1139)  (41,1114)  (18,1200)  (18,1175)  (217,1166)  (217,1191)  (217,1216)  (17,1225)  (218,1108)  (218,1133)  (16,1150)  (16,1125)  (16,1100)  (242,1158)  (242,1183)  (242,1208)  (267,1146)  (267,1171)  (267,1196)  (267,1221)  (292,1152)  (292,1177)  (292,1202)
C  (1311,511)
660  (362,982)  (337,1006)  (337,981)  (386,1007)  (362,957)  (387,957)  (387,982)  (335,956)  (361,1031)  (336,1031)  (312,1006)  (312,981)  (411,1007)  (411,1032)  (386,1032)  (360,932)  (385,932)  (410,932)  (412,957)  (412,982)  (310,956)  (310,931)  (335,931)  (435,922)  (361,1056)  (336,1056)  (436,1007)  (436,1032)  (436,1057)  (411,1057)  (386,1057)  (437,947)  (437,972)  (285,954)  (285,929)  (460,916)  (361,1081)  (336,1081)  (461,997)  (425,1082)  (400,1082)  (462,941)  (462,966)  (260,919)  (375,1106)  (350,1106)  (486,1005)  (404,1107)  (487,917)  (487,942)
M  (1168,441)
315  (1652,619)  (1676,644)  (1651,644)  (1641,594)  (1666,594)  (1677,619)  (1626,656)  (1691,580)  (1701,644)  (1701,669)  (1676,669)  (1651,669)  (1702,605)  (1601,671)  (1626,681)  (1680,555)  (1705,555)  (1694,694)  (1669,694)  (1576,685)  (1601,696)  (1712,530)
217  (667,976)  (642,1000)  (642,975)  (691,1001)  (673,951)  (692,976)  (698,949)  (617,1013)  (617,988)  (617,963)  (716,1001)  (688,1026)  (717,974)  (592,998)  (592,973)  (592,948)  (741,999)  (742,950)  (743,1024)  (567,986)  (567,961)  (766,975)  (767,924)  (767,949)  (565,936)  (768,1000)  (791,974)  (792,931)  (793,999)
218  (300,270)  (275,294)  (275,269)  (324,295)  (300,245)  (325,245)  (325,270)  (273,244)  (299,319)  (274,319)  (250,294)  (250,269)  (349,295)  (349,320)  (324,320)  (249,320)  (298,220)  (323,220)  (348,220)  (350,245)  (350,270)  (248,244)  (248,219)  (273,219)  (373,212)  (299,344)  (274,344)  (225,295)  (225,270)  (374,295)  (374,320)  (374,345)  (349,345)  (324,345)  (249,345)  (224,345)  (224,320)  (298,195)  (375,237)  (375,262)  (223,245)  (223,220)  (223,195)  (248,194)  (273,194)  (398,212)  (299,369)  (274,369)  (200,295)  (200,270)  (399,287)  (399,312)  (399,337)  (399,362)  (354,370)  (329,370)  (249,370)  (224,370)  (199,370)  (199,345)  (199,320)  (400,237)  (400,262)  (198,245)  (198,220)  (198,195)  (283,169)  (423,204)  (304,394)  (279,394)  (175,295)  (175,270)  (424,287)  (424,312)  (424,337)  (424,362)  (254,395)  (229,395)  (204,395)  (174,357)  (174,332)  (425,229)  (425,254)  (173,245)  (173,220)  (173,195)  (449,279)  (449,304)  (449,329)  (449,354)  (187,420)  (450,223)  (450,248)  (148,230)  (148,205)  (148,180)  (474,273)  (474,298)  (474,323)  (474,348)  (475,236)  (499,261)  (499,286)  (499,311)  (524,256)  (524,281)  (524,306)  (549,257)  (549,282)  (574,248)  (599,253)
H  (1592,584)
450  (1808,449)  (1783,473)  (1783,448)  (1832,474)  (1808,424)  (1833,424)  (1833,449)  (1807,498)  (1857,474)  (1848,499)  (1809,399)  (1858,432)  (1882,457)  (1882,482)
418  (1913,77)  (1888,101)  (1888,76)  (1937,102)  (1913,52)  (1938,52)  (1938,77)  (1886,51)  (1912,126)  (1887,126)  (1863,101)  (1863,76)  (1962,102)  (1962,127)  (1937,127)  (1862,127)  (1911,27)  (1936,27)  (1961,27)  (1963,52)  (1963,77)  (1861,51)  (1861,26)  (1886,26)  (1912,151)  (1887,151)  (1838,102)  (1838,77)  (1979,152)  (1954,152)  (1862,152)  (1837,152)  (1837,127)  (1911,2)  (1936,2)  (1961,2)  (1836,52)  (1836,27)  (1836,2)  (1861,1)  (1886,1)  (1929,176)  (1904,176)  (1813,102)  (1813,77)  (1979,177)  (1954,177)  (1879,177)  (1854,177)  (1829,177)  (1812,152)  (1812,127)  (1811,52)  (1811,27)  (1811,2)  (1788,102)  (1788,77)  (1979,202)  (1954,202)  (1787,151)  (1786,52)  (1786,27)  (1979,227)  (1954,227)  (1979,252)  (1954,252)  (1979,277)  (1954,277)  (1979,302)  (1954,302)  (1929,314)  (1979,327)  (1954,327)  (1929,339)  (1979,352)  (1954,352)  (1929,364)  (1979,377)  (1954,377)  (1979,402)
417  (387,1181)  (362,1205)  (362,1180)  (411,1206)  (387,1156)  (412,1160)  (360,1155)  (337,1225)  (337,1200)  (436,1185)  (436,1210)  (335,1175)  (335,1150)  (461,1174)  (461,1199)  (461,1224)  (486,1193)  (486,1218)  (511,1215)
T  (909,276)
W  (841,496)
P  (1167,797)
724  (1356,908)  (1331,932)  (1331,907)  (1380,933)  (1356,883)  (1381,883)  (1381,908)  (1355,957)  (1330,957)  (1385,958)  (1332,858)  (1406,899)
R  (705,239)
419  (1071,843)  (1046,867)  (1046,842)  (1095,868)  (1071,818)  (1096,818)  (1096,843)  (1044,817)  (1069,892)  (1044,892)  (1121,828)  (1121,853)  (1146,837)  (1146,862)  (1154,887)  (1179,872)
Superior  (818,263)  (793,278)  (793,253)  (842,288)  (818,238)  (843,238)  (843,263)  (782,228)  (817,303)  (768,278)  (768,253)  (867,288)  (867,313)  (842,313)  (807,213)  (860,213)  (868,238)  (868,263)  (792,323)  (757,228)  (776,203)  (817,328)  (885,196)  (743,289)  (743,264)  (892,288)  (892,313)  (892,338)  (867,338)  (842,338)  (801,188)  (893,221)  (893,246)  (732,239)  (718,309)  (718,284)  (917,271)  (917,296)  (917,321)  (917,346)  (882,363)  (857,363)  (707,259)  (693,322)  (693,297)  (942,262)  (942,287)  (942,312)  (942,337)  (682,272)  (668,333)  (668,308)  (967,263)  (967,288)  (967,313)  (967,338)  (657,283)  (643,342)  (643,317)  (992,298)  (992,323)  (632,292)  (1012,371)  (618,354)  (618,329)  (607,304)  (593,332)  (568,332)
Erie  (1249,759)  (1224,783)  (1254,784)  (1267,734)  (1274,759)  (1292,733)  (1229,808)  (1204,808)  (1299,758)  (1317,733)  (1179,817)  (1179,792)  (1324,758)  (1342,731)  (1154,805)  (1367,715)  (1392,713)
269  (935,733)  (959,758)  (934,758)  (927,708)  (952,708)  (960,733)  (909,773)  (977,691)  (964,783)  (939,783)  (985,745)
519  (1258,644)  (1282,669)  (1257,669)  (1245,619)  (1270,619)  (1283,644)  (1232,674)  (1295,607)  (1307,669)  (1307,694)  (1282,694)  (1257,694)  (1242,594)  (1267,594)  (1308,632)  (1207,696)  (1232,699)  (1292,582)  (1317,582)  (1320,607)  (1332,657)  (1332,682)  (1259,569)  (1333,632)  (1207,721)  (1267,544)  (1196,746)  (1171,762)
819  (1574,166)  (1549,190)  (1549,165)  (1598,191)  (1574,141)  (1599,141)  (1599,166)  (1547,140)  (1573,215)  (1548,215)  (1524,190)  (1524,165)  (1623,191)  (1623,216)  (1598,216)  (1523,216)  (1572,116)  (1597,116)  (1622,116)  (1624,141)  (1624,166)  (1522,140)  (1522,115)  (1547,115)  (1647,93)  (1573,240)  (1548,240)  (1499,191)  (1499,166)  (1648,191)  (1648,216)  (1648,241)  (1623,241)  (1598,241)  (1523,241)  (1498,241)  (1498,216)  (1572,91)  (1597,91)  (1622,91)  (1649,118)  (1649,143)  (1497,141)  (1497,116)  (1497,91)  (1522,90)  (1547,90)  (1647,68)  (1672,68)  (1672,93)  (1573,265)  (1548,265)  (1474,191)  (1474,166)  (1673,168)  (1673,193)  (1673,218)  (1673,243)  (1648,266)  (1623,266)  (1598,266)  (1523,266)  (1498,266)  (1473,266)  (1473,241)  (1473,216)  (1473,66)  (1572,66)  (1597,66)  (1622,66)  (1674,118)  (1674,143)  (1472,141)  (1472,116)  (1472,91)  (1498,65)  (1523,65)  (1675,268)  (1647,43)  (1672,43)  (1697,43)  (1697,68)  (1697,93)  (1573,290)  (1548,290)  (1449,191)  (1449,166)  (1698,168)  (1698,193)  (1698,218)  (1698,243)  (1650,291)  (1625,291)  (1600,291)  (1523,291)  (1498,291)  (1473,291)  (1448,291)  (1448,266)  (1448,241)  (1448,216)  (1448,66)  (1448,41)  (1473,41)  (1548,41)  (1573,41)  (1598,41)  (1699,118)  (1699,143)  (1447,141)  (1447,116)  (1447,91)  (1498,40)  (1523,40)  (1700,268)  (1700,293)  (1675,293)  (1623,18)  (1648,18)  (1673,18)  (1698,18)  (1722,43)  (1722,68)  (1722,93)  (1575,315)  (1550,315)  (1424,191)  (1424,166)  (1723,17)  (1723,168)  (1723,193)  (1723,218)  (1723,243)  (1650,316)  (1625,316)  (1600,316)  (1525,316)  (1500,316)  (1475,316)  (1450,316)  (1425,316)  (1423,291)  (1423,266)  (1423,241)  (1423,216)  (1423,66)  (1423,41)  (1423,16)  (1448,16)  (1473,16)  (1548,16)  (1573,16)  (1598,16)  (1724,118)  (1724,143)  (1422,141)  (1422,116)  (1422,91)  (1498,15)  (1523,15)  (1725,268)  (1725,293)  (1725,318)  (1700,318)  (1675,318)  (1575,340)  (1550,340)  (1399,191)  (1399,166)  (1748,0)  (1748,168)  (1748,193)  (1748,218)  (1748,243)  (1650,341)  (1625,341)  (1600,341)  (1525,341)  (1500,341)  (1475,341)  (1450,341)  (1398,282)  (1398,257)  (1398,232)  (1397,141)  (1397,116)  (1397,91)  (1750,268)  (1750,293)  (1750,318)  (1750,343)  (1725,343)  (1700,343)  (1675,343)  (1575,365)  (1550,365)  (1773,191)  (1773,216)  (1773,241)  (1650,366)  (1625,366)  (1600,366)  (1525,366)  (1500,366)  (1475,366)  (1775,266)  (1775,291)  (1775,316)  (1775,341)  (1775,366)  (1750,368)  (1725,368)  (1700,368)  (1675,368)  (1575,390)  (1550,390)  (1798,204)  (1798,229)  (1650,391)  (1625,391)  (1600,391)  (1800,254)  (1800,279)  (1800,304)  (1800,329)  (1800,354)  (1770,393)  (1745,393)  (1720,393)  (1695,393)  (1823,216)  (1670,416)  (1645,416)  (1620,416)  (1595,416)  (1825,241)  (1825,266)  (1825,291)  (1825,316)  (1825,341)  (1739,418)  (1714,418)  (1835,366)  (1661,441)  (1636,441)  (1611,441)  (1850,223)  (1850,248)  (1850,273)  (1850,298)  (1850,323)  (1860,348)  (1860,373)  (1865,398)  (1875,221)  (1875,246)  (1875,271)  (1875,296)  (1875,321)  (1885,346)  (1885,371)  (1890,396)  (1898,421)  (1900,220)  (1900,245)  (1900,270)  (1900,295)  (1911,446)  (1912,471)  (1917,496)  (1923,403)  (1936,428)  (1937,453)  (1942,478)  (1962,451)
518  (1770,624)  (1794,649)  (1769,649)  (1747,599)  (1772,599)  (1795,624)  (1797,597)  (1744,654)  (1819,650)  (1794,674)  (1769,674)  (1759,574)  (1820,675)  (1784,572)  (1809,572)  (1795,699)  (1770,699)  (1759,549)  (1784,547)  (1809,547)  (1813,724)  (1788,724)  (1763,724)  (1749,524)  (1808,749)
517  (1022,739)  (1046,764)  (1021,764)  (1010,714)  (1035,714)  (1060,715)  (996,787)  (1071,784)  (1046,789)  (1021,789)
413  (1893,736)  (1868,760)  (1868,735)  (1917,761)  (1918,727)  (1843,762)  (1843,737)  (1942,752)  (1943,726)  (1967,751)  (1968,723)
515  (353,730)  (377,755)  (352,755)  (330,705)  (355,705)  (378,730)  (380,703)  (394,780)  (369,780)  (344,780)  (326,680)  (398,805)  (373,805)  (398,830)
Atlantic  (1852,1063)  (1827,1087)  (1827,1062)  (1876,1088)  (1852,1038)  (1877,1038)  (1877,1063)  (1825,1037)  (1851,1112)  (1826,1112)  (1802,1087)  (1802,1062)  (1901,1088)  (1901,1113)  (1876,1113)  (1801,1113)  (1850,1013)  (1875,1013)  (1900,1013)  (1902,1038)  (1902,1063)  (1800,1037)  (1800,1012)  (1825,1012)  (1925,990)  (1851,1137)  (1826,1137)  (1777,1088)  (1777,1063)  (1926,1088)  (1926,1113)  (1926,1138)  (1901,1138)  (1876,1138)  (1801,1138)  (1776,1138)  (1776,1113)  (1850,988)  (1875,988)  (1900,988)  (1927,1015)  (1927,1040)  (1775,1038)  (1775,1013)  (1790,987)  (1815,987)  (1925,965)  (1950,965)  (1950,990)  (1851,1162)  (1826,1162)  (1752,1088)  (1752,1063)  (1951,1065)  (1951,1090)  (1951,1115)  (1951,1140)  (1926,1163)  (1901,1163)  (1876,1163)  (1801,1163)  (1776,1163)  (1751,1163)  (1751,1138)  (1751,1113)  (1840,963)  (1865,963)  (1890,963)  (1952,1015)  (1952,1040)  (1794,962)  (1953,1165)  (1915,940)  (1940,940)  (1965,940)  (1975,965)  (1975,990)  (1851,1187)  (1826,1187)  (1727,1088)  (1976,1065)  (1976,1090)  (1976,1115)  (1976,1140)  (1928,1188)  (1903,1188)  (1878,1188)  (1801,1188)  (1776,1188)  (1751,1188)  (1726,1188)  (1726,1163)  (1726,1138)  (1726,1113)  (1819,938)  (1844,938)  (1869,938)  (1977,1015)  (1977,1040)  (1978,1165)  (1978,1190)  (1953,1190)  (1794,915)  (1894,915)  (1919,915)  (1944,915)  (1969,915)  (1853,1212)  (1828,1212)  (1928,1213)  (1903,1213)  (1878,1213)  (1803,1213)  (1778,1213)  (1753,1213)  (1728,1213)  (1703,1213)  (1701,1188)  (1701,1163)  (1819,913)  (1844,913)  (1869,913)  (1979,1215)  (1954,1215)  (1894,890)  (1919,890)  (1944,890)  (1969,890)  (1800,888)  (1825,888)  (1850,888)  (1875,865)  (1900,865)  (1925,865)  (1950,865)  (1975,865)  (1974,840)
Huron  (1170,527)  (1145,551)  (1145,526)  (1194,552)  (1170,502)  (1195,502)  (1195,527)  (1143,501)  (1169,576)  (1144,576)  (1219,552)  (1216,577)  (1168,477)  (1220,501)  (1220,526)  (1126,476)  (1098,456)  (1191,601)  (1073,445)  (1098,431)  (1214,626)  (1189,626)  (1206,651)
812  (869,1067)  (844,1091)  (844,1066)  (893,1092)  (869,1042)  (894,1042)  (894,1067)  (842,1041)  (868,1116)  (843,1116)  (918,1092)  (818,1117)  (919,1034)  (919,1059)  (829,1016)  (943,1084)  (944,1032)  (944,1057)  (969,1031)  (969,1056)  (994,1025)  (994,1050)
814  (1444,848)  (1419,869)  (1419,844)  (1468,873)  (1444,823)  (1469,823)  (1469,848)  (1414,819)  (1493,873)  (1493,898)  (1468,898)  (1439,798)  (1464,798)  (1489,798)  (1389,842)  (1389,817)  (1414,794)  (1514,791)  (1372,792)  (1443,922)  (1518,875)  (1498,923)  (1473,923)  (1364,817)  (1347,792)  (1448,947)  (1423,947)
816  (1858,804)  (1833,828)  (1833,803)  (1867,829)  (1883,790)  (1892,815)  (1908,790)  (1917,815)
651  (390,500)  (414,525)  (389,525)  (385,475)  (410,475)  (415,500)
859  (999,1104)  (974,1128)  (974,1103)  (1023,1129)  (1015,1079)  (1024,1104)  (1040,1073)  (998,1153)  (1048,1129)  (1043,1154)  (1049,1098)
320  (269,467)  (244,491)  (244,466)  (293,492)  (288,442)  (294,467)  (313,431)  (268,516)  (243,516)  (219,491)  (219,466)  (318,492)  (318,517)  (293,517)  (218,517)  (319,456)  (338,429)  (194,471)  (343,481)  (343,506)  (344,454)  (363,410)  (369,435)  (388,396)  (394,421)  (419,417)  (444,415)
757  (1650,1119)  (1664,1144)  (1632,1094)  (1675,1110)  (1653,1169)  (1616,1069)  (1641,1069)  (1651,1194)  (1620,1044)  (1655,1219)  (1635,1019)  (1630,1221)  (1585,1225)
717  (1595,931)  (1570,955)  (1570,930)  (1619,956)  (1620,919)  (1545,963)  (1545,938)  (1545,913)  (1644,944)  (1645,915)  (1520,968)  (1669,940)  (1670,896)  (1694,921)
712  (239,732)  (214,756)  (214,731)  (263,757)  (239,707)  (264,707)  (264,732)  (212,706)  (238,781)  (288,757)  (288,782)  (263,782)  (237,682)  (262,682)  (287,682)  (289,707)  (289,732)  (198,681)  (238,806)  (313,757)  (313,782)  (301,807)  (276,807)  (251,831)  (296,832)  (271,856)  (246,856)  (283,881)  (258,881)
715  (581,468)  (556,492)  (556,467)  (605,493)  (581,443)  (606,443)  (606,468)  (554,442)  (580,517)  (555,517)  (531,492)  (531,467)  (630,493)  (630,518)  (605,518)  (530,518)  (579,418)  (604,418)  (629,418)  (631,443)  (631,468)  (529,442)  (529,417)  (554,417)  (580,542)  (555,542)  (506,493)  (506,468)  (655,493)  (655,518)  (655,543)  (630,543)  (605,543)  (530,543)  (505,543)  (505,518)  (579,393)  (604,393)  (656,419)  (656,444)  (504,443)  (504,418)  (504,393)  (529,392)  (554,392)  (481,493)  (481,468)  (680,469)  (680,494)  (680,519)  (680,544)  (655,568)  (630,568)  (605,568)  (480,539)  (681,427)  (479,443)  (554,367)  (456,514)  (705,452)  (705,477)  (705,502)  (705,527)  (705,552)  (730,438)  (730,463)  (730,488)  (730,513)  (755,439)  (755,464)  (780,461)
613  (1578,497)  (1553,521)  (1553,496)  (1602,522)  (1603,477)  (1551,471)  (1577,546)  (1552,546)  (1528,521)  (1528,496)  (1627,502)  (1627,527)  (1602,547)  (1628,475)  (1526,471)  (1526,446)  (1551,446)  (1562,571)  (1503,506)  (1652,500)  (1652,525)  (1501,481)  (1501,456)  (1501,431)  (1670,475)  (1541,596)  (1677,500)  (1695,464)  (1702,489)  (1720,463)  (1727,488)
906  (778,380)  (753,404)  (753,379)  (802,405)  (803,373)  (742,354)  (728,408)  (728,383)  (827,398)  (827,423)  (802,430)  (717,358)  (829,448)  (703,401)  (852,395)  (852,420)  (692,376)  (877,397)  (877,422)  (667,387)  (902,389)  (902,414)  (927,377)  (927,402)  (952,372)  (952,397)  (977,372)  (977,397)  (1002,399)  (1027,398)
615  (717,790)  (692,814)  (692,789)  (741,815)  (717,765)  (742,765)  (742,790)  (690,764)  (716,839)  (691,839)  (667,814)  (667,789)  (766,815)  (766,840)  (741,840)  (767,748)  (767,773)  (665,764)  (791,798)  (791,823)  (791,848)  (766,865)  (741,865)  (640,759)  (799,873)  (803,898)
905  (1373,608)  (1381,633)  (1398,592)  (1423,598)  (1370,685)
618  (698,1097)  (673,1121)  (673,1096)  (722,1122)  (698,1072)  (723,1072)  (723,1097)  (671,1071)  (697,1146)  (648,1123)  (648,1098)  (747,1122)  (747,1147)  (722,1147)  (748,1066)  (748,1091)  (646,1073)  (639,1044)  (697,1171)  (772,1116)  (763,1172)  (738,1172)  (773,1064)  (773,1089)  (713,1196)  (739,1197)  (798,1055)
563  (548,717)  (523,709)  (572,742)  (514,684)  (539,684)  (597,755)  (572,767)  (520,659)  (610,780)  (585,792)